fillFile: 0.008002996444702148 0.024190425872802734 0.024000883102416992 0.06400012969970703 0.19756674766540527 0.279468297958374 0.4902913570404053 
readFile: 0.015995264053344727 0.0241544246673584 0.01599884033203125 0.01599907875061035 0.020882129669189453 0.021916627883911133 0.02395319938659668