Bubble_Sort: 1.0771517753601074 33.244104862213135 146.42052960395813 362.87164920572419 658.027351945294743 1148.8352946271083 1754.92645381043627
Selection_Sort: 0.48470616340637207 15.208184719085693 67.97299933433533 175.84629302168413 387.19345817293264 581.0362748251732 942.258421736548
Insertion_Sort: 0.671170711517334 19.317107677459717 84.6052074432373 185.946738273853 373.4532845392455 617.8362554928049733 1084.1836492017483
Shell_Sort: 2.474698543548584 11.877270698547363 23.312995433807373 67.70982384681702 143.81534552574158 334.8932671367813 769.5284362984601
Merge_Sort: 0.016947507858276367 0.09874939918518066 0.2204294204711914 0.8769803047180176 1.7226481437683105 2.7208893299102783 3.7151880264282227
Heap_Sort: 0.01890707015991211 0.12965941429138184 0.46407556533813477 1.3714542388916016 2.36525821685791 3.692483901977539 5.347411155700684

